20			0.0261  		0.1227  		11.1763 
40			0.1227  		0.2593  		8.2878  
60			0.2593  		0.3360  		6.1487  
80			0.1016  		0.0217  		1.8265  		4
100			0.0217  		0.0211  		1.4189  
120			0.0211  		0.0293  		1.5799  
140			0.0293  		0.0449  		1.7945  
160			0.0449  		0.1023  		2.3123  
180			0.1023  		0.1175  		2.1663  
200			0.1175  		0.1315  		2.0311  
220			0.1315  		0.1078  		1.7160  
240			0.1078  		0.4065  		2.3708  
260			0.2436  		0.4246  		2.4967  		13
280			0.1270  		0.1410  		2.3725  		3
300			0.1410  		0.0494  		1.7102  
320			0.0494  		0.1783  		2.1817  
340			0.1783  		0.3540  		2.3443  
360			0.2866  		0.3397  		2.2822  		25
380			0.3397  		0.2836  		2.0935  
400			0.2836  		0.4666  		2.1684  
420			0.1401  		0.1776  		2.1464  		27
440			0.1776  		0.1818  		2.0565  
460			0.1818  		0.1199  		1.8365  
480			0.1199  		0.1578  		1.8427  
500			0.1578  		0.1833  		1.8122  
520			0.1833  		0.1261  		1.6386  
540			0.1261  		0.4932  		1.9424  
560			0.0629  		0.3099  		2.2840  		0
580			0.1378  		0.2383  		2.3415  		2
600			0.2383  		0.2249  		2.2495  
620			0.2249  		0.0210  		1.6254  
640			0.0210  		0.0634  		1.8234  
660			0.0634  		0.0779  		1.8131  
680			0.0779  		0.0691  		1.7346  
700			0.0691  		0.0585  		1.6507  
720			0.0585  		0.0603  		1.6107  
740			0.0603  		0.0507  		1.5335  
760			0.0507  		0.1576  		1.7084  
780			0.1576  		0.4383  		1.8538  
800			0.2032  		0.2151  		1.8177  		10
820			0.2151  		0.1142  		1.6620  
840			0.1142  		0.2976  		1.7869  
860			0.2976  		1.0060  		1.9497  
880			0.1629  		0.1800  		1.9218  		17
900			0.1800  		0.1468  		1.8464  
920			0.1468  		0.4135  		1.9686  
940			0.2687  		0.2846  		1.9356  		5
960			0.2846  		0.3604  		1.9307  
980			0.2504  		0.2798  		1.9077  		25
1000			0.2798  		1.0750  		2.0637  
1020			0.2143  		0.1984  		2.0123  		25
1040			0.1984  		0.3351  		2.0463  
1060			0.1829  		0.2889  		2.0699  		18
1080			0.2889  		0.5987  		2.1290  
1100			0.0785  		0.0857  		2.1017  		1
1120			0.0857  		0.0931  		2.0749  
1140			0.0931  		0.0863  		2.0288  
1160			0.0863  		0.2695  		2.1355  
1180			0.2695  		0.3253  		2.1223  
1200			0.1207  		0.0808  		2.0386  		17
1220			0.0808  		0.2233  		2.1254  
1240			0.2233  		1.0607  		2.2724  
1260			0.1094  		0.3814  		2.3793  		18
1280			0.1200  		0.1796  		2.3876  		9
1300			0.1796  		0.1891  		2.3566  
1320			0.1891  		0.2639  		2.3573  
1340			0.2639  		0.2801  		2.3285  
1360			0.2801  		0.1568  		2.2327  
1380			0.1568  		0.4811  		2.3176  
1400			0.2230  		0.3706  		2.3368  		12
1420			0.2296  		0.3084  		2.3338  		4
1440			0.2323  		0.3333  		2.3376  
1460			0.0975  		0.0252  		2.1719  
1480			0.0252  		0.0498  		2.2089  
1500			0.0498  		0.0754  		2.2194  
1520			0.0754  		0.1452  		2.2524  
1540			0.1452  		0.4237  		2.3235  
1560			0.1963  		0.3341  		2.3428  		13
1580			0.2140  		0.2936  		2.3421  		9
1600			0.2936  		0.3299  		2.3233  
1620			0.1567  		0.6592  		2.4226  		7
1640			0.0832  		0.1153  		2.4218  		9
1660			0.1153  		0.1186  		2.3951  
1680			0.1186  		0.1644  		2.3946  
1700			0.1644  		0.2765  		2.4105  
1720			0.2765  		0.2988  		2.3890  
1740			0.2988  		0.1744  		2.3169  
1760			0.1744  		0.5846  		2.3897  
1780			0.1956  		0.2743  		2.3903  		14
1800			0.2743  		0.3174  		2.3754  
1820			0.2846  		0.3422  		2.3639  		19
1840			0.2163  		0.7740  		2.4382  		17
1860			0.1260  		0.1425  		2.4216  		9
1880			0.1425  		0.2583  		2.4414  
1900			0.2583  		0.4946  		2.4651  
1920			0.3559  		0.9824  		2.5157  
1940			0.2411  		0.8357  		2.5822  		29
1960			0.2639  		0.3604  		2.5788  		20
1980			0.0231  		0.0502  		2.6091  
2000			0.0502  		0.1918  		2.6798  
2020			0.1918  		0.7882  		2.7542  
2040			0.1386  		0.2017  		2.7537  		6
2060			0.2017  		0.1593  		2.7105  
2080			0.1593  		0.1426  		2.6767  
2100			0.1426  		0.1571  		2.6579  
2120			0.1571  		0.1641  		2.6357  
2140			0.1641  		0.1184  		2.5891  
2160			0.1184  		0.2935  		2.6258  
2180			0.2935  		0.3289  		2.6092  
2200			0.2704  		0.2589  		2.5827  		23
2220			0.2589  		0.2737  		2.5630  
2240			0.2737  		0.4371  		2.5703  
2260			0.1608  		0.1871  		2.5572  		14
2280			0.1871  		0.0776  		2.4791  
2300			0.0776  		0.0276  		2.3927  
2320			0.0276  		0.1013  		2.4529  
2340			0.1013  		0.1267  		2.4457  
2360			0.1267  		0.0758  		2.3936  
2380			0.0758  		0.1123  		2.3973  
2400			0.1123  		0.1635  		2.3999  
2420			0.1635  		0.1950  		2.3906  
2440			0.1950  		0.0435  		2.2823  
2460			0.0435  		0.2038  		2.3543  
2480			0.2038  		1.3096  		2.4435  
2500			0.2127  		2.5459  		2.5672  		15
2520			0.2536  		0.8270  		2.6145  
2540			0.8270  		1.3703  		2.6226  
2560			0.7575  		0.6933  		2.5972  
2580			0.2902  		0.6626  		2.6232  
2600			0.1618  		0.1260  		2.5891  
2620			0.1260  		0.2545  		2.6081  
2640			0.2545  		0.2215  		2.5807  
2660			0.2215  		0.2111  		2.5587  
2680			0.2111  		0.3238  		2.5627  
2700			0.1646  		0.2068  		2.5559  
2720			0.2068  		0.2424  		2.5455  
2740			0.2424  		0.2656  		2.5317  
2760			0.2656  		0.1387  		2.4794  
2780			0.1387  		0.1787  		2.4747  
2800			0.1787  		0.2917  		2.4823  
2820			0.2917  		0.3998  		2.4808  
2840			0.0776  		0.0815  		2.4658  		14
2860			0.0815  		0.0702  		2.4411  
2880			0.0702  		0.0821  		2.4320  
2900			0.0821  		0.1107  		2.4300  
2920			0.1107  		0.1333  		2.4226  
2940			0.1333  		0.0613  		2.3680  
2960			0.0613  		0.2029  		2.4103  
2980			0.2029  		0.2331  		2.4008  
3000			0.2331  		0.1714  		2.3701  
3020			0.1714  		0.1669  		2.3531  
3040			0.1669  		0.4807  		2.3878  
3060			0.0680  		0.0777  		2.3785  		10
3080			0.0777  		0.0814  		2.3652  
3100			0.0814  		0.1561  		2.3803  
3120			0.1561  		0.7055  		2.4347  
3140			0.0633  		0.0999  		2.4402  		1
3160			0.0999  		0.0874  		2.4187  
3180			0.0874  		0.0258  		2.3481  
3200			0.0258  		0.0437  		2.3572  
3220			0.0437  		0.0538  		2.3519  
3240			0.0538  		0.0208  		2.2950  
3260			0.0208  		0.0228  		2.2850  
3280			0.0228  		0.0374  		2.2929  
3300			0.0374  		0.0449  		2.2869  
3320			0.0449  		0.0203  		2.2386  
3340			0.0203  		0.0695  		2.2784  
3360			0.0695  		0.4242  		2.3425  
3380			0.2107  		0.4173  		2.3578  		0
3400			0.4173  		0.4379  		2.3460  
3420			0.4379  		0.0693  		2.2545  
3440			0.0693  		0.1086  		2.2602  
3460			0.1086  		0.1325  		2.2555  
3480			0.1325  		0.0753  		2.2191  
3500			0.0753  		0.0727  		2.2049  
3520			0.0727  		0.0858  		2.1992  
3540			0.0858  		0.1052  		2.1951  
3560			0.1052  		0.0650  		2.1633  
3580			0.0650  		0.0651  		2.1513  
3600			0.0651  		0.0714  		2.1430  
3620			0.0714  		0.1777  		2.1675  
3640			0.1777  		0.2074  		2.1617  
3660			0.2074  		0.2445  		2.1564  
3680			0.2445  		0.1722  		2.1309  
3700			0.1722  		0.6251  		2.1697  
3720			0.2224  		0.3231  		2.1725  		5
3740			0.2114  		0.1870  		2.1561  		19
3760			0.1870  		0.2352  		2.1535  
3780			0.2352  		1.0736  		2.2000  
3800			0.1179  		0.4955  		2.2430  		6
3820			0.2819  		0.4204  		2.2463  		20
3840			0.2227  		0.1555  		2.2211  
3860			0.1555  		0.2707  		2.2303  
3880			0.2707  		0.2744  		2.2193  
3900			0.2744  		0.2074  		2.1976  
3920			0.2074  		0.5549  		2.2226  
3940			0.1522  		0.2636  		2.2314  		9
3960			0.2636  		0.3149  		2.2267  
3980			0.0850  		0.0296  		2.1772  		0
4000			0.0296  		0.1031  		2.2113  
4020			0.1031  		0.1602  		2.2161  
4040			0.1602  		0.1938  		2.2120  
4060			0.1938  		0.0334  		2.1386  
4080			0.0334  		0.1165  		2.1723  
4100			0.1165  		0.3080  		2.1959  
4120			0.1890  		0.2543  		2.1956  		18
4140			0.2543  		0.2166  		2.1794  
4160			0.2166  		0.3311  		2.1837  
4180			0.0886  		0.0952  		2.1757  		3
4200			0.0952  		0.0757  		2.1575  
4220			0.0757  		0.1219  		2.1635  
4240			0.1219  		0.2792  		2.1815  
4260			0.2792  		0.3182  		2.1757  
4280			0.2152  		0.1282  		2.1481  		10
4300			0.1282  		0.0095  		2.0508  
4320			0.0095  		0.0404  		2.0897  
4340			0.0404  		0.0931  		2.1078  
4360			0.0931  		0.1258  		2.1080  
4380			0.1258  		0.0712  		2.0797  
4400			0.0712  		0.0872  		2.0769  
4420			0.0872  		0.0984  		2.0714  
4440			0.0984  		0.0478  		2.0387  
4460			0.0478  		0.1551  		2.0676  
4480			0.1551  		0.1834  		2.0637  
4500			0.1834  		0.1666  		2.0515  
4520			0.1666  		0.1280  		2.0340  
4540			0.1280  		0.3909  		2.0605  
4560			0.1022  		0.1429  		2.0621  		12
4580			0.1429  		0.1144  		2.0461  
4600			0.1144  		0.4106  		2.0772  
4620			0.1875  		1.0577  		2.1223  		25
4640			0.1316  		0.7826  		2.1686  		2
4660			0.0764  		0.1550  		2.1812  		24
4680			0.1550  		0.2051  		2.1805  
4700			0.2051  		0.2030  		2.1709  
4720			0.2030  		0.1861  		2.1590  
4740			0.1861  		0.1427  		2.1418  
4760			0.1427  		0.3163  		2.1570  
4780			0.1972  		0.2250  		2.1519  		8
4800			0.2250  		0.2598  		2.1473  
4820			0.2598  		0.1745  		2.1264  
4840			0.1745  		0.3509  		2.1385  
4860			0.1922  		0.2214  		2.1339  		23
4880			0.2214  		0.1957  		2.1215  
4900			0.1957  		0.0574  		2.0767  
4920			0.0574  		0.0826  		2.0790  
4940			0.0826  		0.1231  		2.0822  
4960			0.1231  		0.2274  		2.0916  
4980			0.2274  		0.4730  		2.1045  
5000			0.1820  		0.1558  		2.0916  		20
5020			0.1558  		0.1147  		2.0744  
5040			0.1147  		0.4019  		2.1021  
5060			0.1560  		0.8762  		2.1430  		8
5080			0.0351  		0.0556  		2.1476  		14
5100			0.0556  		0.0872  		2.1519  
5120			0.0872  		0.1512  		2.1590  
5140			0.1512  		0.1936  		2.1576  
5160			0.1936  		0.1838  		2.1478  
5180			0.1838  		0.1460  		2.1331  
5200			0.1460  		0.3513  		2.1492  
5220			0.0627  		0.0732  		2.1452  		9
5240			0.0732  		0.0852  		2.1412  
5260			0.0852  		0.0539  		2.1206  
5280			0.0539  		0.1193  		2.1342  
5300			0.1193  		0.1299  		2.1285  
5320			0.1299  		0.0674  		2.1027  
5340			0.0674  		0.1622  		2.1185  
5360			0.1622  		0.2098  		2.1176  
5380			0.2098  		0.2314  		2.1123  
5400			0.2314  		0.1017  		2.0825  
5420			0.1017  		0.4227  		2.1128  
5440			0.0698  		0.0837  		2.1098  		8
5460			0.0837  		0.0598  		2.0932  
5480			0.0598  		0.1091  		2.1014  
5500			0.1091  		0.4643  		2.1317  
5520			0.0800  		0.2458  		2.1534  		23
5540			0.2458  		0.3705  		2.1563  
5560			0.2882  		0.4604  		2.1607  		20
5580			0.1556  		0.2964  		2.1696  		10
5600			0.2964  		0.3306  		2.1646  
5620			0.1152  		0.1041  		2.1543  		17
5640			0.1041  		0.0735  		2.1378  
5660			0.0735  		0.0958  		2.1370  
5680			0.0958  		0.1141  		2.1339  
5700			0.1141  		0.0800  		2.1174  
5720			0.0800  		0.3109  		2.1443  
5740			0.0356  		0.1475  		2.1725  		1
5760			0.1475  		0.1941  		2.1719  
5780			0.1941  		0.1157  		2.1514  
5800			0.1157  		0.0476  		2.1219  
5820			0.0476  		0.0758  		2.1261  
5840			0.0758  		0.0972  		2.1250  
5860			0.0972  		0.0343  		2.0921  
5880			0.0343  		0.0122  		2.0597  
5900			0.0122  		0.0186  		2.0630  
5920			0.0186  		0.0305  		2.0681  
5940			0.0305  		0.0724  		2.0821  
5960			0.0724  		0.3049  		2.1099  
5980			0.2102  		0.3675  		2.1163  		2
6000			0.1777  		0.2555  		2.1180  		27
6020			0.2555  		0.2096  		2.1062  
6040			0.2096  		0.3475  		2.1113  
6060			0.2803  		0.3563  		2.1101  		23
6080			0.2534  		0.2766  		2.1052  		1
6100			0.2766  		0.2222  		2.0931  
6120			0.2222  		0.2525  		2.0893  
6140			0.2525  		0.3011  		2.0866  
6160			0.1618  		0.2993  		2.0943  
6180			0.2993  		1.0469  		2.1167  
6200			0.0568  		0.3739  		2.1537  		10
6220			0.0657  		0.2821  		2.1806  		2
6240			0.2821  		0.3723  		2.1800  
6260			0.2353  		0.0495  		2.1372  		19
6280			0.0495  		0.0475  		2.1294  
6300			0.0475  		0.0672  		2.1306  
6320			0.0672  		0.1071  		2.1345  
6340			0.1071  		0.1173  		2.1298  
6360			0.1173  		0.1094  		2.1215  
6380			0.1094  		0.0909  		2.1107  
6400			0.0909  		0.2234  		2.1244  
6420			0.2234  		0.2293  		2.1183  
6440			0.2293  		0.2623  		2.1148  
6460			0.2623  		0.2402  		2.1063  
6480			0.2402  		0.5663  		2.1189  
6500			0.0862  		0.0992  		2.1155  		10
6520			0.0992  		0.0764  		2.1032  
6540			0.0764  		0.0410  		2.0830  
6560			0.0410  		0.0952  		2.0952  
6580			0.0952  		0.1167  		2.0933  
6600			0.1167  		0.0457  		2.0664  
6620			0.0457  		0.0104  		2.0280  
6640			0.0104  		0.0727  		2.0641  
6660			0.0727  		0.1251  		2.0697  
6680			0.1251  		0.1175  		2.0621  
6700			0.1175  		0.0512  		2.0381  
6720			0.0512  		0.0629  		2.0364  
6740			0.0629  		0.0764  		2.0345  
6760			0.0764  		0.0276  		2.0068  
6780			0.0276  		0.0914  		2.0264  
6800			0.0914  		0.1053  		2.0234  
6820			0.1053  		0.0768  		2.0108  
6840			0.0768  		0.0589  		1.9993  
6860			0.0589  		0.1606  		2.0146  
6880			0.1606  		0.1897  		2.0122  
6900			0.1897  		0.0832  		1.9891  
6920			0.0832  		0.0501  		1.9728  
6940			0.0501  		0.2192  		1.9978  
6960			0.2192  		0.3547  		2.0021  
6980			0.1549  		0.2799  		2.0085  
7000			0.2799  		0.5231  		2.0157  
7020			0.1900  		0.2813  		2.0180  		11
7040			0.2813  		0.3388  		2.0161  
7060			0.0870  		0.1519  		2.0218  		15
7080			0.1519  		0.2769  		2.0283  
7100			0.2769  		0.3090  		2.0248  
7120			0.0918  		0.0726  		2.0144  		11
7140			0.0726  		0.0740  		2.0091  
7160			0.0740  		0.2961  		2.0315  
7180			0.2961  		0.4158  		2.0326  
7200			0.0579  		0.0395  		2.0193  		13
7220			0.0395  		0.0577  		2.0213  
7240			0.0577  		0.1348  		2.0326  
7260			0.1348  		0.1557  		2.0299  
7280			0.1557  		0.0751  		2.0099  
7300			0.0751  		0.1665  		2.0201  
7320			0.1665  		0.7205  		2.0434  
7340			0.1477  		0.2049  		2.0443  		9
7360			0.2049  		0.1684  		2.0349  
7380			0.1684  		0.3389  		2.0431  
7400			0.2145  		0.4075  		2.0500  		20
7420			0.1442  		0.1759  		2.0484  		21
7440			0.1759  		0.3030  		2.0534  
7460			0.1171  		0.1718  		2.0553  		12
7480			0.1718  		0.2062  		2.0534  
7500			0.2062  		0.1958  		2.0469  
7520			0.1958  		0.2195  		2.0436  
7540			0.2195  		0.9867  		2.0670  
7560			0.1618  		0.5474  		2.0848  		8
7580			0.1782  		0.5285  		2.1000  
7600			0.3389  		0.6139  		2.1057  
7620			0.2613  		0.4468  		2.1103  
7640			0.2762  		0.2934  		2.1060  		9
7660			0.2934  		0.2864  		2.1000  
7680			0.2864  		0.6573  		2.1101  
7700			0.2351  		0.3174  		2.1103  		7
7720			0.1573  		0.2533  		2.1137  		25
7740			0.2533  		0.2836  		2.1104  
7760			0.2836  		0.7790  		2.1237  
7780			0.1577  		0.2402  		2.1261  		18
7800			0.2402  		0.2847  		2.1237  
7820			0.2847  		0.1060  		2.1001  
7840			0.1060  		0.1557  		2.1018  
7860			0.1557  		0.1885  		2.1000  
7880			0.1885  		0.1308  		2.0879  
7900			0.1308  		0.2668  		2.0957  
7920			0.2668  		0.8519  		2.1115  
7940			0.0952  		0.1155  		2.1097  		20
7960			0.1155  		0.1341  		2.1071  
7980			0.1341  		0.3803  		2.1207  
8000			0.0463  		0.0775  		2.1247  		7
8020			0.0775  		0.0881  		2.1217  
8040			0.0881  		0.0693  		2.1121  
8060			0.0693  		0.2478  		2.1297  
8080			0.2478  		1.0623  		2.1504  
8100			0.1241  		0.1899  		2.1527  		1
8120			0.1899  		0.1612  		2.1445  
8140			0.1612  		0.0368  		2.1130  
8160			0.0368  		0.0753  		2.1205  
8180			0.0753  		0.0926  		2.1189  
8200			0.0926  		0.0472  		2.1019  
8220			0.0472  		0.0146  		2.0762  
8240			0.0146  		0.0194  		2.0762  
8260			0.0194  		0.0262  		2.0764  
8280			0.0262  		0.0588  		2.0854  
8300			0.0588  		0.2231  		2.1036  
8320			0.2231  		0.5847  		2.1153  
8340			0.2190  		0.2674  		2.1136  		16
8360			0.2674  		0.1318  		2.0964  
8380			0.1318  		0.2699  		2.1037  
8400			0.2699  		0.2878  		2.0998  
8420			0.2878  		0.2122  		2.0896  
8440			0.2122  		0.5281  		2.1002  
8460			0.2047  		0.1522  		2.0902  		28
8480			0.1522  		0.1878  		2.0888  
8500			0.1878  		0.2722  		2.0902  
8520			0.2722  		0.8824  		2.1052  
8540			0.2513  		1.2176  		2.1270  		29
8560			0.0418  		0.0568  		2.1272  		6
8580			0.0568  		0.0949  		2.1308  
8600			0.0949  		0.1676  		2.1354  
8620			0.1676  		0.1794  		2.1316  
8640			0.1794  		0.1829  		2.1270  
8660			0.1829  		0.1527  		2.1191  
8680			0.1527  		0.3783  		2.1293  
8700			0.0759  		0.1308  		2.1334  
8720			0.1308  		0.1765  		2.1335  
8740			0.1765  		0.1008  		2.1193  
8760			0.1008  		0.0594  		2.1058  
8780			0.0594  		0.0786  		2.1056  
8800			0.0786  		0.1436  		2.1107  
8820			0.1436  		0.3090  		2.1185  
8840			0.2905  		0.3451  		2.1165  		0
8860			0.0420  		0.0339  		2.1082  		16
8880			0.0339  		0.0799  		2.1174  
8900			0.0799  		0.2922  		2.1336  
8920			0.2922  		0.4409  		2.1355  
8940			0.0560  		0.0492  		2.1286  		12
8960			0.0492  		0.0486  		2.1237  
8980			0.0486  		0.1314  		2.1349  
9000			0.1314  		0.1590  		2.1333  
9020			0.1590  		0.1021  		2.1214  
9040			0.1021  		0.1351  		2.1212  
9060			0.1351  		0.5907  		2.1400  
9080			0.1415  		0.2367  		2.1435  		21
9100			0.2367  		0.3283  		2.1440  
9120			0.2595  		0.3908  		2.1457  
9140			0.0579  		0.1535  		2.1564  		26
9160			0.1535  		0.1814  		2.1544  
9180			0.1814  		0.1548  		2.1472  
9200			0.1548  		0.1343  		2.1403  
9220			0.1343  		0.1594  		2.1383  
9240			0.1594  		0.1877  		2.1362  
9260			0.1877  		0.1655  		2.1297  
9280			0.1655  		0.6717  		2.1469  
9300			0.2731  		1.0017  		2.1624  		4
9320			0.2441  		0.3703  		2.1642  		22
9340			0.3703  		0.5760  		2.1664  
9360			0.4728  		0.7465  		2.1688  
9380			0.2516  		0.5989  		2.1775  		23
9400			0.2908  		0.3375  		2.1752  		21
9420			0.2468  		0.2843  		2.1727  
9440			0.2843  		0.5757  		2.1789  
9460			0.2720  		0.3841  		2.1796  		12
9480			0.1300  		0.1994  		2.1815  
9500			0.1994  		0.4644  		2.1897  
9520			0.2621  		0.2771  		2.1860  		5
9540			0.2771  		0.3013  		2.1827  
9560			0.1608  		0.0381  		2.1564  
9580			0.0381  		0.1362  		2.1711  
9600			0.1362  		0.2402  		2.1750  
9620			0.2402  		0.3052  		2.1741  
9640			0.1966  		0.2454  		2.1729  		29
9660			0.2454  		0.6871  		2.1838  
9680			0.0703  		0.1210  		2.1874  		13
9700			0.1210  		0.1474  		2.1858  
9720			0.1474  		0.1065  		2.1765  
9740			0.1065  		0.4289  		2.1927  
9760			0.0340  		0.0740  		2.1997  		1
9780			0.0740  		0.0983  		2.1993  
9800			0.0983  		0.0287  		2.1767  
9820			0.0287  		0.0457  		2.1791  
9840			0.0457  		0.0527  		2.1768  
9860			0.0527  		0.0429  		2.1694  
9880			0.0429  		0.0107  		2.1447  
9900			0.0107  		0.0342  		2.1573  
9920			0.0342  		0.0422  		2.1560  
9940			0.0422  		0.0257  		2.1445  
9960			0.0257  		0.0365  		2.1453  
9980			0.0365  		0.2055  		2.1659  
10000			0.2055  		0.7315  		2.1799  
10020			0.1926  		0.2392  		2.1787  		5
10040			0.2392  		0.0578  		2.1539  
10060			0.0578  		0.0445  		2.1459  
10080			0.0445  		0.0666  		2.1474  
10100			0.0666  		0.1042  		2.1496  
10120			0.1042  		0.1197  		2.1473  
10140			0.1197  		0.1094  		2.1418  
10160			0.1094  		0.0917  		2.1351  
10180			0.0917  		0.2159  		2.1430  
10200			0.2159  		0.2261  		2.1394  
10220			0.2261  		0.2630  		2.1374  
10240			0.2630  		0.2238  		2.1309  
10260			0.2238  		0.5656  		2.1398  
10280			0.2533  		0.2617  		2.1361  		11
10300			0.2617  		0.1821  		2.1269  
10320			0.1821  		0.5757  		2.1389  
10340			0.1611  		0.3063  		2.1437  		10
10360			0.1715  		0.2325  		2.1438  
10380			0.2325  		0.3247  		2.1443  
10400			0.1146  		0.2451  		2.1507  
10420			0.2451  		0.7947  		2.1629  
10440			0.2118  		0.2821  		2.1627  		12
10460			0.2821  		0.2273  		2.1556  
10480			0.2273  		0.3455  		2.1572  
10500			0.2191  		0.3626  		2.1600  		12
10520			0.0748  		0.1178  		2.1622  		19
10540			0.1178  		0.1174  		2.1580  
10560			0.1174  		0.3212  		2.1677  
10580			0.1968  		0.4413  		2.1746  		27
10600			0.2333  		0.3479  		2.1759  		4
10620			0.2363  		0.3358  		2.1766  
10640			0.2018  		0.6088  		2.1875  		6
10660			0.2198  		0.3358  		2.1891  		9
10680			0.1913  		0.1638  		2.1829  		13
10700			0.1638  		0.0190  		2.1498  
10720			0.0190  		0.0790  		2.1650  
10740			0.0790  		0.1240  		2.1670  
10760			0.1240  		0.1219  		2.1627  
10780			0.1219  		0.0708  		2.1514  
10800			0.0708  		0.1653  		2.1588  
10820			0.1653  		0.1916  		2.1568  
10840			0.1916  		0.0886  		2.1425  
10860			0.0886  		0.1060  		2.1410  
10880			0.1060  		0.6011  		2.1600  
10900			0.2943  		1.9562  		2.1811  		3
10920			0.2339  		0.8760  		2.1946  		8
10940			0.1523  		0.6719  		2.2102  
10960			0.6719  		1.2738  		2.2145  
10980			0.9319  		0.7656  		2.2079  
11000			0.3887  		1.3018  		2.2198  
11020			0.2411  		0.2084  		2.2138  		9
11040			0.2084  		0.2868  		2.2140  
11060			0.2868  		0.2319  		2.2072  
11080			0.2319  		0.2169  		2.2024  
11100			0.2169  		0.3778  		2.2056  
11120			0.2699  		0.3322  		2.2043  
11140			0.2947  		0.3155  		2.2013  		10
11160			0.2264  		0.3625  		2.2034  
11180			0.3499  		0.2773  		2.1965  
11200			0.2773  		0.2982  		2.1935  
11220			0.2982  		0.4140  		2.1938  
11240			0.2910  		0.1468  		2.1811  		2
11260			0.1468  		0.1917  		2.1806  
11280			0.1917  		0.2886  		2.1820  
11300			0.2886  		0.2601  		2.1768  
11320			0.2601  		0.2486  		2.1724  
11340			0.2486  		0.2367  		2.1679  
11360			0.2367  		0.4855  		2.1732  
11380			0.1361  		0.2032  		2.1745  
11400			0.2032  		0.2617  		2.1739  
11420			0.2617  		0.2436  		2.1692  
11440			0.2436  		0.1546  		2.1597  
11460			0.1546  		0.1815  		2.1579  
11480			0.1815  		0.3203  		2.1613  
11500			0.1368  		0.1152  		2.1554  
11520			0.1152  		0.1470  		2.1547  
11540			0.1470  		0.1724  		2.1529  
11560			0.1724  		0.0773  		2.1392  
11580			0.0773  		0.0718  		2.1346  
11600			0.0718  		0.0828  		2.1327  
11620			0.0828  		0.1773  		2.1385  
11640			0.1773  		0.3496  		2.1432  
11660			0.2705  		0.3541  		2.1429  		19
11680			0.1770  		0.3013  		2.1458  
11700			0.2214  		0.4127  		2.1498  
11720			0.2702  		0.6771  		2.1574  		16
11740			0.0528  		0.0752  		2.1581  		10
11760			0.0752  		0.0709  		2.1537  
11780			0.0709  		0.2003  		2.1628  
11800			0.2003  		0.3549  		2.1661  
11820			0.1927  		0.2037  		2.1631  		3
11840			0.2037  		0.0766  		2.1475  
11860			0.0766  		0.2269  		2.1571  
11880			0.2269  		1.2613  		2.1743  
11900			0.1767  		0.3032  		2.1772  		7
11920			0.3032  		0.3832  		2.1764  
11940			0.3832  		0.1797  		2.1636  
11960			0.1797  		0.1632  		2.1588  
11980			0.1632  		0.2053  		2.1580  
12000			0.2053  		0.2938  		2.1587  
12020			0.2938  		0.5187  		2.1619  
12040			0.1259  		0.1715  		2.1620  
12060			0.1715  		0.2563  		2.1632  
12080			0.2563  		0.4383  		2.1661  
12100			0.2205  		0.4034  		2.1697  		27
12120			0.1875  		0.1863  		2.1660  		7
12140			0.1863  		0.0716  		2.1511  
12160			0.0716  		0.1302  		2.1547  
12180			0.1302  		0.1941  		2.1559  
12200			0.1941  		0.2186  		2.1537  
12220			0.2186  		0.0348  		2.1285  
12240			0.0348  		0.0141  		2.1144  
12260			0.0141  		0.0905  		2.1328  
12280			0.0905  		0.1231  		2.1329  
12300			0.1231  		0.0865  		2.1253  
12320			0.0865  		0.0931  		2.1228  
12340			0.0931  		0.0974  		2.1198  
12360			0.0974  		0.0830  		2.1145  
12380			0.0830  		0.0966  		2.1129  
12400			0.0966  		0.1568  		2.1151  
12420			0.1568  		0.1861  		2.1137  
12440			0.1861  		0.0726  		2.0994  
12460			0.0726  		0.2782  		2.1116  
12480			0.2782  		0.4019  		2.1124  
12500			0.2835  		0.3558  		2.1117  		12
12520			0.1716  		0.1717  		2.1083  		14
12540			0.1717  		0.6388  		2.1201  
12560			0.2791  		1.5871  		2.1367  		5
12580			0.1685  		1.7866  		2.1603  		23
12600			0.3159  		0.5483  		2.1632  
12620			0.5483  		0.9676  		2.1663  
12640			0.5786  		0.5241  		2.1617  
12660			0.1413  		0.4080  		2.1704  
12680			0.4080  		0.4179  		2.1672  
12700			0.4179  		0.7313  		2.1702  
12720			0.3643  		0.3828  		2.1673  
12740			0.3348  		0.3457  		2.1643  
12760			0.3457  		0.7006  		2.1689  
12780			0.3611  		0.6114  		2.1714  
12800			0.1385  		0.1209  		2.1665  		11
12820			0.1209  		0.1108  		2.1622  
12840			0.1108  		0.0668  		2.1531  
12860			0.0668  		0.0813  		2.1520  
12880			0.0813  		0.1423  		2.1549  
12900			0.1423  		0.1894  		2.1547  
12920			0.1894  		0.1876  		2.1513  
12940			0.1876  		0.1355  		2.1444  
12960			0.1355  		0.3692  		2.1522  
12980			0.2306  		0.1998  		2.1473  		15
13000			0.1998  		0.2204  		2.1451  
13020			0.2204  		0.3461  		2.1468  
13040			0.1922  		0.4344  		2.1525  		12
13060			0.0810  		0.1128  		2.1529  		9
13080			0.1128  		0.1134  		2.1496  
13100			0.1134  		0.0132  		2.1227  
13120			0.0132  		0.0268  		2.1272  
13140			0.0268  		0.0978  		2.1382  
13160			0.0978  		0.1249  		2.1376  
13180			0.1249  		0.0605  		2.1265  
13200			0.0605  		0.0681  		2.1245  
13220			0.0681  		0.0734  		2.1221  
13240			0.0734  		0.0592  		2.1166  
13260			0.0592  		0.0526  		2.1121  
13280			0.0526  		0.0860  		2.1143  
13300			0.0860  		0.1061  		2.1134  
13320			0.1061  		0.0318  		2.0971  
13340			0.0318  		0.1154  		2.1079  
13360			0.1154  		0.1726  		2.1091  
13380			0.1726  		0.1920  		2.1071  
13400			0.1920  		0.0265  		2.0827  
13420			0.0265  		0.0984  		2.0937  
13440			0.0984  		0.2820  		2.1018  
13460			0.2820  		0.3465  		2.1009  
13480			0.2227  		0.1555  		2.0940  		21
13500			0.1555  		0.2707  		2.0968  
13520			0.2707  		0.2744  		2.0938  
13540			0.2744  		0.2074  		2.0878  
13560			0.2074  		0.5549  		2.0951  
13580			0.2065  		0.3006  		2.0960  		2
13600			0.1355  		0.1950  		2.0968  		21
13620			0.1950  		0.2037  		2.0942  
13640			0.2037  		0.7385  		2.1048  
13660			0.1178  		0.1458  		2.1039  		10
13680			0.1458  		0.1760  		2.1028  
13700			0.1760  		0.1534  		2.0983  
13720			0.1534  		0.5330  		2.1084  
13740			0.0607  		0.0762  		2.1077  		6
13760			0.0762  		0.0851  		2.1058  
13780			0.0851  		0.1087  		2.1053  
13800			0.1087  		0.3569  		2.1147  
13820			0.2859  		0.4094  		2.1153  		8
13840			0.0762  		0.1225  		2.1172  
13860			0.1225  		0.1836  		2.1184  
13880			0.1836  		0.6092  		2.1278  
13900			0.2746  		0.4005  		2.1287  		7
13920			0.0886  		0.0760  		2.1240  		8
13940			0.0760  		0.1366  		2.1270  
13960			0.1366  		0.4366  		2.1360  
13980			0.1493  		0.2816  		2.1395  		13
14000			0.2816  		0.3828  		2.1396  
14020			0.2571  		0.7393  		2.1474  
14040			0.2447  		0.8796  		2.1575  		5
14060			0.2617  		0.4439  		2.1599  		15
14080			0.1557  		0.2218  		2.1604  		18
14100			0.2218  		0.3172  		2.1610  
14120			0.2279  		0.8470  		2.1714  		12
14140			0.2017  		0.2502  		2.1705  		4
14160			0.2502  		0.2370  		2.1669  
14180			0.2370  		0.3568  		2.1680  
14200			0.2444  		1.1686  		2.1808  		6
14220			0.1204  		0.2623  		2.1857  		27
14240			0.2623  		0.3862  		2.1865  
14260			0.2251  		0.3126  		2.1868  
14280			0.2678  		0.2765  		2.1840  		2
14300			0.2765  		0.3182  		2.1824  
14320			0.2710  		0.2660  		2.1791  		1
14340			0.2660  		0.7088  		2.1860  
14360			0.2098  		0.2805  		2.1858  		14
14380			0.2805  		0.3077  		2.1837  
14400			0.1240  		0.0294  		2.1663  		4
14420			0.0294  		0.0367  		2.1655  
14440			0.0367  		0.0523  		2.1660  
14460			0.0523  		0.0644  		2.1651  
14480			0.0644  		0.1170  		2.1681  
14500			0.1170  		0.5628  		2.1807  
14520			0.2113  		0.4645  		2.1855  		3
14540			0.0940  		0.1042  		2.1835  		19
14560			0.1042  		0.0224  		2.1653  
14580			0.0224  		0.0233  		2.1628  
14600			0.0233  		0.0308  		2.1625  
14620			0.0308  		0.0541  		2.1651  
14640			0.0541  		0.1162  		2.1697  
14660			0.1162  		0.1313  		2.1679  
14680			0.1313  		0.1164  		2.1638  
14700			0.1164  		0.1442  		2.1630  
14720			0.1442  		0.4816  		2.1718  
14740			0.1007  		0.1666  		2.1738  		14
14760			0.1666  		0.2319  		2.1741  
14780			0.2319  		0.3681  		2.1757  
14800			0.1805  		0.6332  		2.1850  		21
14820			0.2363  		0.3026  		2.1844  		11
14840			0.3026  		0.2748  		2.1806  
14860			0.2748  		0.6631  		2.1862  
14880			0.2335  		0.3107  		2.1860  		27
14900			0.1786  		0.2360  		2.1858  		9
14920			0.2360  		0.4066  		2.1881  
14940			0.0765  		0.0837  		2.1860  
14960			0.0837  		0.2463  		2.1935  
14980			0.2463  		0.2983  		2.1924  
15000			0.2983  		0.1280  		2.1814  
15020			0.1280  		0.0390  		2.1671  
15040			0.0390  		0.1038  		2.1736  
15060			0.1038  		0.1395  		2.1735  
15080			0.1395  		0.0965  		2.1671  
15100			0.0965  		0.2652  		2.1739  
15120			0.2652  		0.9589  		2.1833  
15140			0.1620  		0.2532  		2.1847  		20
15160			0.2532  		0.2819  		2.1828  
15180			0.2819  		0.4247  		2.1838  
15200			0.1389  		0.1523  		2.1818  		14
15220			0.1523  		0.1480  		2.1787  
15240			0.1480  		0.3819  		2.1848  
15260			0.1968  		0.6139  		2.1927  		17
15280			0.1925  		0.2648  		2.1928  		18
15300			0.2648  		0.2856  		2.1907  
15320			0.2856  		0.3894  		2.1907  
15340			0.2125  		0.9032  		2.2015  		3
15360			0.1374  		0.2028  		2.2023  		8
15380			0.2028  		0.1827  		2.1984  
15400			0.1827  		0.3159  		2.2007  
15420			0.2571  		0.2507  		2.1976  		6
15440			0.2507  		0.3084  		2.1967  
15460			0.1737  		0.2699  		2.1980  		6
15480			0.2699  		0.7369  		2.2045  
15500			0.2314  		0.3341  		2.2051  		7
15520			0.2593  		0.2355  		2.2013  		29
15540			0.2355  		0.4117  		2.2037  
15560			0.0755  		0.3710  		2.2156  
15580			0.0671  		0.2008  		2.2229  		16
15600			0.2008  		0.2824  		2.2232  
15620			0.2824  		0.2055  		2.2174  
15640			0.2055  		0.4180  		2.2212  
15660			0.2647  		0.3543  		2.2210  		21
15680			0.0375  		0.0330  		2.2170  		25
15700			0.0330  		0.1085  		2.2251  
15720			0.1085  		0.3688  		2.2335  
15740			0.1169  		0.1873  		2.2350  		10
15760			0.1873  		0.2211  		2.2337  
15780			0.2211  		0.2990  		2.2336  
15800			0.2990  		0.6909  		2.2384  
15820			0.1470  		0.1499  		2.2358  		25
15840			0.1499  		0.1400  		2.2323  
15860			0.1400  		0.5164  		2.2414  
15880			0.0585  		0.2888  		2.2531  		1
15900			0.2888  		0.5077  		2.2554  
15920			0.1768  		0.2041  		2.2538  		7
15940			0.2041  		0.1176  		2.2460  
15960			0.1176  		0.1436  		2.2450  
15980			0.1436  		0.1695  		2.2437  
16000			0.1695  		0.0779  		2.2339  
16020			0.0779  		0.2726  		2.2424  
16040			0.2726  		0.3277  		2.2412  
16060			0.2626  		0.2049  		2.2362  		27
16080			0.2049  		0.5809  		2.2428  
16100			0.2040  		0.7620  		2.2518  		10
16120			0.2331  		0.3435  		2.2525  		8
16140			0.1624  		0.2313  		2.2528  		16
16160			0.2313  		0.3984  		2.2549  
16180			0.1958  		0.4432  		2.2594  		11
16200			0.1250  		0.1916  		2.2604  		21
16220			0.1916  		0.2177  		2.2588  
16240			0.2177  		0.3165  		2.2593  
16260			0.1270  		0.3719  		2.2661  		3
16280			0.1406  		0.1878  		2.2658  		18
16300			0.1878  		0.2335  		2.2650  
16320			0.2335  		0.5477  		2.2698  
16340			0.0827  		0.4315  		2.2816  		4
